{
  "fl_x": 119.37476048767964,
  "fl_y": 119.37476048767964,
  "cx": 256.0,
  "cy": 256.0,
  "w": 512,
  "h": 512,
  "scene_center": [
    0.1632111519575119,
    2.4716832637786865,
    -2.8820581436157227
  ],
  "scene_radius": 6.878898620605469,
  "camera_positions": [
    [
      6.861647605895996,
      1.2685856819152832,
      0.6252511143684387
    ],
    [
      6.410030841827393,
      1.3644953966140747,
      6.976161479949951
    ],
    [
      3.9590888023376465,
      1.9934422969818115,
      -1.89124596118927
    ],
    [
      0.5446686744689941,
      1.4509141445159912,
      -8.789127349853516
    ],
    [
      4.011924743652344,
      1.0081688165664673,
      4.845479488372803
    ],
    [
      6.415302753448486,
      0.02403167076408863,
      -5.110547065734863
    ],
    [
      -1.6939576864242554,
      2.3035008907318115,
      5.275972366333008
    ],
    [
      -4.875851154327393,
      -0.010581431910395622,
      4.841470718383789
    ]
  ],
  "look_targets": [
    [
      7.40460205078125,
      1.101531982421875,
      0.7038726806640625
    ],
    [
      6.1185302734375,
      1.448760986328125,
      6.752685546875
    ],
    [
      3.794708251953125,
      1.2137908935546875,
      -1.8676605224609375
    ],
    [
      0.3798828125,
      1.1575164794921875,
      -8.049560546875
    ],
    [
      4.011688232421875,
      0.6554718017578125,
      4.74114990234375
    ],
    [
      6.224853515625,
      0.415863037109375,
      -5.04327392578125
    ],
    [
      -1.392425537109375,
      0.9745025634765625,
      5.361572265625
    ],
    [
      -5.09747314453125,
      0.8500823974609375,
      4.76654052734375
    ]
  ],
  "frames": [
    {
      "file_path": "frames/frame_0000.png",
      "depth_path": "frames/depth_0000.png",
      "transform_matrix": [
        [
          1.0,
          0.0,
          0.0,
          6.861647605895996
        ],
        [
          0.0,
          0.5735764503479004,
          -0.8191521167755127,
          1.2685856819152832
        ],
        [
          -0.0,
          0.8191521167755127,
          0.5735764503479004,
          0.6252511143684387
        ],
        [
          0.0,
          0.0,
          0.0,
          1.0
        ]
      ],
      "position_idx": 0
    },
    {
      "file_path": "frames/frame_0001.png",
      "depth_path": "frames/depth_0001.png",
      "transform_matrix": [
        [
          0.7071069478988647,
          0.5792279243469238,
          0.4055796265602112,
          6.861647605895996
        ],
        [
          0.0,
          0.5735763311386108,
          -0.8191521763801575,
          1.2685856819152832
        ],
        [
          -0.7071066498756409,
          0.5792281627655029,
          0.4055798053741455,
          0.6252511143684387
        ],
        [
          0.0,
          0.0,
          0.0,
          1.0
        ]
      ],
      "position_idx": 0
    },
    {
      "file_path": "frames/frame_0002.png",
      "depth_path": "frames/depth_0002.png",
      "transform_matrix": [
        [
          0.0,
          0.8191520571708679,
          0.5735764503479004,
          6.861647605895996
        ],
        [
          0.0,
          0.5735764503479004,
          -0.8191520571708679,
          1.2685856819152832
        ],
        [
          -1.0,
          0.0,
          0.0,
          0.6252511143684387
        ],
        [
          0.0,
          0.0,
          0.0,
          1.0
        ]
      ],
      "position_idx": 0
    },
    {
      "file_path": "frames/frame_0003.png",
      "depth_path": "frames/depth_0003.png",
      "transform_matrix": [
        [
          -0.7071069478988647,
          0.5792279243469238,
          0.4055796265602112,
          6.861647605895996
        ],
        [
          0.0,
          0.5735763311386108,
          -0.8191521763801575,
          1.2685856819152832
        ],
        [
          -0.7071065902709961,
          -0.5792282223701477,
          -0.4055798351764679,
          0.6252511143684387
        ],
        [
          0.0,
          0.0,
          0.0,
          1.0
        ]
      ],
      "position_idx": 0
    },
    {
      "file_path": "frames/frame_0004.png",
      "depth_path": "frames/depth_0004.png",
      "transform_matrix": [
        [
          -1.0,
          0.0,
          0.0,
          6.861647605895996
        ],
        [
          0.0,
          0.5735764503479004,
          -0.8191520571708679,
          1.2685856819152832
        ],
        [
          -0.0,
          -0.8191520571708679,
          -0.5735764503479004,
          0.6252511143684387
        ],
        [
          0.0,
          0.0,
          0.0,
          1.0
        ]
      ],
      "position_idx": 0
    },
    {
      "file_path": "frames/frame_0005.png",
      "depth_path": "frames/depth_0005.png",
      "transform_matrix": [
        [
          -0.7071069478988647,
          -0.5792279243469238,
          -0.4055796265602112,
          6.861647605895996
        ],
        [
          0.0,
          0.5735763311386108,
          -0.8191521763801575,
          1.2685856819152832
        ],
        [
          0.7071065902709961,
          -0.5792282223701477,
          -0.4055798351764679,
          0.6252511143684387
        ],
        [
          0.0,
          0.0,
          0.0,
          1.0
        ]
      ],
      "position_idx": 0
    },
    {
      "file_path": "frames/frame_0006.png",
      "depth_path": "frames/depth_0006.png",
      "transform_matrix": [
        [
          0.0,
          -0.8191520571708679,
          -0.5735764503479004,
          6.861647605895996
        ],
        [
          -0.0,
          0.5735764503479004,
          -0.8191520571708679,
          1.2685856819152832
        ],
        [
          1.0,
          0.0,
          0.0,
          0.6252511143684387
        ],
        [
          0.0,
          0.0,
          0.0,
          1.0
        ]
      ],
      "position_idx": 0
    },
    {
      "file_path": "frames/frame_0007.png",
      "depth_path": "frames/depth_0007.png",
      "transform_matrix": [
        [
          0.7071069478988647,
          -0.5792279243469238,
          -0.4055796265602112,
          6.861647605895996
        ],
        [
          -0.0,
          0.5735763311386108,
          -0.8191521763801575,
          1.2685856819152832
        ],
        [
          0.7071066498756409,
          0.5792281627655029,
          0.4055798053741455,
          0.6252511143684387
        ],
        [
          0.0,
          0.0,
          0.0,
          1.0
        ]
      ],
      "position_idx": 0
    },
    {
      "file_path": "frames/frame_0008.png",
      "depth_path": "frames/depth_0008.png",
      "transform_matrix": [
        [
          1.0,
          0.0,
          0.0,
          6.861647605895996
        ],
        [
          0.0,
          0.9914448857307434,
          -0.13052618503570557,
          1.2685856819152832
        ],
        [
          -0.0,
          0.13052618503570557,
          0.9914448857307434,
          0.6252511143684387
        ],
        [
          0.0,
          0.0,
          0.0,
          1.0
        ]
      ],
      "position_idx": 0
    },
    {
      "file_path": "frames/frame_0009.png",
      "depth_path": "frames/depth_0009.png",
      "transform_matrix": [
        [
          0.7071067690849304,
          0.09229595214128494,
          0.7010574340820312,
          6.861647605895996
        ],
        [
          0.0,
          0.9914448857307434,
          -0.13052618503570557,
          1.2685856819152832
        ],
        [
          -0.7071068286895752,
          0.09229594469070435,
          0.7010573744773865,
          0.6252511143684387
        ],
        [
          0.0,
          0.0,
          0.0,
          1.0
        ]
      ],
      "position_idx": 0
    },
    {
      "file_path": "frames/frame_0010.png",
      "depth_path": "frames/depth_0010.png",
      "transform_matrix": [
        [
          0.0,
          0.13052617013454437,
          0.9914449453353882,
          6.861647605895996
        ],
        [
          0.0,
          0.9914449453353882,
          -0.13052617013454437,
          1.2685856819152832
        ],
        [
          -1.0,
          0.0,
          0.0,
          0.6252511143684387
        ],
        [
          0.0,
          0.0,
          0.0,
          1.0
        ]
      ],
      "position_idx": 0
    },
    {
      "file_path": "frames/frame_0011.png",
      "depth_path": "frames/depth_0011.png",
      "transform_matrix": [
        [
          -0.7071067690849304,
          0.09229595214128494,
          0.7010574340820312,
          6.861647605895996
        ],
        [
          0.0,
          0.9914448857307434,
          -0.13052618503570557,
          1.2685856819152832
        ],
        [
          -0.7071068286895752,
          -0.09229594469070435,
          -0.7010573744773865,
          0.6252511143684387
        ],
        [
          0.0,
          0.0,
          0.0,
          1.0
        ]
      ],
      "position_idx": 0
    },
    {
      "file_path": "frames/frame_0012.png",
      "depth_path": "frames/depth_0012.png",
      "transform_matrix": [
        [
          -1.0,
          0.0,
          0.0,
          6.861647605895996
        ],
        [
          0.0,
          0.9914448857307434,
          -0.13052618503570557,
          1.2685856819152832
        ],
        [
          -0.0,
          -0.13052618503570557,
          -0.9914448857307434,
          0.6252511143684387
        ],
        [
          0.0,
          0.0,
          0.0,
          1.0
        ]
      ],
      "position_idx": 0
    },
    {
      "file_path": "frames/frame_0013.png",
      "depth_path": "frames/depth_0013.png",
      "transform_matrix": [
        [
          -0.7071067690849304,
          -0.09229595214128494,
          -0.7010574340820312,
          6.861647605895996
        ],
        [
          0.0,
          0.9914448857307434,
          -0.13052618503570557,
          1.2685856819152832
        ],
        [
          0.7071068286895752,
          -0.09229594469070435,
          -0.7010573744773865,
          0.6252511143684387
        ],
        [
          0.0,
          0.0,
          0.0,
          1.0
        ]
      ],
      "position_idx": 0
    },
    {
      "file_path": "frames/frame_0014.png",
      "depth_path": "frames/depth_0014.png",
      "transform_matrix": [
        [
          0.0,
          -0.13052617013454437,
          -0.9914449453353882,
          6.861647605895996
        ],
        [
          -0.0,
          0.9914449453353882,
          -0.13052617013454437,
          1.2685856819152832
        ],
        [
          1.0,
          0.0,
          0.0,
          0.6252511143684387
        ],
        [
          0.0,
          0.0,
          0.0,
          1.0
        ]
      ],
      "position_idx": 0
    },
    {
      "file_path": "frames/frame_0015.png",
      "depth_path": "frames/depth_0015.png",
      "transform_matrix": [
        [
          0.7071067690849304,
          -0.09229595214128494,
          -0.7010574340820312,
          6.861647605895996
        ],
        [
          -0.0,
          0.9914448857307434,
          -0.13052618503570557,
          1.2685856819152832
        ],
        [
          0.7071068286895752,
          0.09229594469070435,
          0.7010573744773865,
          0.6252511143684387
        ],
        [
          0.0,
          0.0,
          0.0,
          1.0
        ]
      ],
      "position_idx": 0
    },
    {
      "file_path": "frames/frame_0016.png",
      "depth_path": "frames/depth_0016.png",
      "transform_matrix": [
        [
          1.0,
          0.0,
          0.0,
          6.861647605895996
        ],
        [
          0.0,
          0.7660444378852844,
          0.6427876949310303,
          1.2685856819152832
        ],
        [
          0.0,
          -0.6427876949310303,
          0.7660444378852844,
          0.6252511143684387
        ],
        [
          0.0,
          0.0,
          0.0,
          1.0
        ]
      ],
      "position_idx": 0
    },
    {
      "file_path": "frames/frame_0017.png",
      "depth_path": "frames/depth_0017.png",
      "transform_matrix": [
        [
          0.70710688829422,
          -0.45451945066452026,
          0.5416750907897949,
          6.861647605895996
        ],
        [
          0.0,
          0.7660443782806396,
          0.6427876949310303,
          1.2685856819152832
        ],
        [
          -0.7071066498756409,
          -0.4545195996761322,
          0.5416752696037292,
          0.6252511143684387
        ],
        [
          0.0,
          0.0,
          0.0,
          1.0
        ]
      ],
      "position_idx": 0
    },
    {
      "file_path": "frames/frame_0018.png",
      "depth_path": "frames/depth_0018.png",
      "transform_matrix": [
        [
          0.0,
          -0.6427876353263855,
          0.7660444974899292,
          6.861647605895996
        ],
        [
          0.0,
          0.7660444974899292,
          0.6427876353263855,
          1.2685856819152832
        ],
        [
          -1.0,
          0.0,
          0.0,
          0.6252511143684387
        ],
        [
          0.0,
          0.0,
          0.0,
          1.0
        ]
      ],
      "position_idx": 0
    },
    {
      "file_path": "frames/frame_0019.png",
      "depth_path": "frames/depth_0019.png",
      "transform_matrix": [
        [
          -0.70710688829422,
          -0.45451948046684265,
          0.5416750907897949,
          6.861647605895996
        ],
        [
          0.0,
          0.7660443186759949,
          0.6427876949310303,
          1.2685856819152832
        ],
        [
          -0.7071067094802856,
          0.4545195996761322,
          -0.5416752099990845,
          0.6252511143684387
        ],
        [
          0.0,
          0.0,
          0.0,
          1.0
        ]
      ],
      "position_idx": 0
    },
    {
      "file_path": "frames/frame_0020.png",
      "depth_path": "frames/depth_0020.png",
      "transform_matrix": [
        [
          -1.0,
          0.0,
          0.0,
          6.861647605895996
        ],
        [
          0.0,
          0.7660444378852844,
          0.6427876949310303,
          1.2685856819152832
        ],
        [
          0.0,
          0.6427876949310303,
          -0.7660444378852844,
          0.6252511143684387
        ],
        [
          0.0,
          0.0,
          0.0,
          1.0
        ]
      ],
      "position_idx": 0
    },
    {
      "file_path": "frames/frame_0021.png",
      "depth_path": "frames/depth_0021.png",
      "transform_matrix": [
        [
          -0.70710688829422,
          0.45451948046684265,
          -0.5416750907897949,
          6.861647605895996
        ],
        [
          0.0,
          0.7660443186759949,
          0.6427876949310303,
          1.2685856819152832
        ],
        [
          0.7071067094802856,
          0.4545195996761322,
          -0.5416752099990845,
          0.6252511143684387
        ],
        [
          0.0,
          0.0,
          0.0,
          1.0
        ]
      ],
      "position_idx": 0
    },
    {
      "file_path": "frames/frame_0022.png",
      "depth_path": "frames/depth_0022.png",
      "transform_matrix": [
        [
          0.0,
          0.6427876353263855,
          -0.7660444974899292,
          6.861647605895996
        ],
        [
          -0.0,
          0.7660444974899292,
          0.6427876353263855,
          1.2685856819152832
        ],
        [
          1.0,
          0.0,
          0.0,
          0.6252511143684387
        ],
        [
          0.0,
          0.0,
          0.0,
          1.0
        ]
      ],
      "position_idx": 0
    },
    {
      "file_path": "frames/frame_0023.png",
      "depth_path": "frames/depth_0023.png",
      "transform_matrix": [
        [
          0.70710688829422,
          0.45451945066452026,
          -0.5416750907897949,
          6.861647605895996
        ],
        [
          -0.0,
          0.7660443782806396,
          0.6427876949310303,
          1.2685856819152832
        ],
        [
          0.7071066498756409,
          -0.4545195996761322,
          0.5416752696037292,
          0.6252511143684387
        ],
        [
          0.0,
          0.0,
          0.0,
          1.0
        ]
      ],
      "position_idx": 0
    },
    {
      "file_path": "frames/frame_0024.png",
      "depth_path": "frames/depth_0024.png",
      "transform_matrix": [
        [
          1.0,
          0.0,
          0.0,
          6.410030841827393
        ],
        [
          0.0,
          0.5735764503479004,
          -0.8191520571708679,
          1.3644953966140747
        ],
        [
          -0.0,
          0.8191520571708679,
          0.5735764503479004,
          6.976161479949951
        ],
        [
          0.0,
          0.0,
          0.0,
          1.0
        ]
      ],
      "position_idx": 1
    },
    {
      "file_path": "frames/frame_0025.png",
      "depth_path": "frames/depth_0025.png",
      "transform_matrix": [
        [
          0.7071067690849304,
          0.5792280435562134,
          0.4055796265602112,
          6.410030841827393
        ],
        [
          0.0,
          0.5735762119293213,
          -0.8191521763801575,
          1.3644953966140747
        ],
        [
          -0.7071067690849304,
          0.5792280435562134,
          0.4055796265602112,
          6.976161479949951
        ],
        [
          0.0,
          0.0,
          0.0,
          1.0
        ]
      ],
      "position_idx": 1
    },
    {
      "file_path": "frames/frame_0026.png",
      "depth_path": "frames/depth_0026.png",
      "transform_matrix": [
        [
          0.0,
          0.8191520571708679,
          0.5735764503479004,
          6.410030841827393
        ],
        [
          0.0,
          0.5735764503479004,
          -0.8191520571708679,
          1.3644953966140747
        ],
        [
          -1.0,
          0.0,
          0.0,
          6.976161479949951
        ],
        [
          0.0,
          0.0,
          0.0,
          1.0
        ]
      ],
      "position_idx": 1
    },
    {
      "file_path": "frames/frame_0027.png",
      "depth_path": "frames/depth_0027.png",
      "transform_matrix": [
        [
          -0.7071067690849304,
          0.5792280435562134,
          0.4055796265602112,
          6.410030841827393
        ],
        [
          0.0,
          0.5735762119293213,
          -0.8191521763801575,
          1.3644953966140747
        ],
        [
          -0.7071067690849304,
          -0.5792280435562134,
          -0.4055796265602112,
          6.976161479949951
        ],
        [
          0.0,
          0.0,
          0.0,
          1.0
        ]
      ],
      "position_idx": 1
    },
    {
      "file_path": "frames/frame_0028.png",
      "depth_path": "frames/depth_0028.png",
      "transform_matrix": [
        [
          -1.0,
          0.0,
          0.0,
          6.410030841827393
        ],
        [
          0.0,
          0.5735764503479004,
          -0.8191520571708679,
          1.3644953966140747
        ],
        [
          -0.0,
          -0.8191520571708679,
          -0.5735764503479004,
          6.976161479949951
        ],
        [
          0.0,
          0.0,
          0.0,
          1.0
        ]
      ],
      "position_idx": 1
    },
    {
      "file_path": "frames/frame_0029.png",
      "depth_path": "frames/depth_0029.png",
      "transform_matrix": [
        [
          -0.7071067690849304,
          -0.5792280435562134,
          -0.4055796265602112,
          6.410030841827393
        ],
        [
          0.0,
          0.5735762119293213,
          -0.8191521763801575,
          1.3644953966140747
        ],
        [
          0.7071067690849304,
          -0.5792280435562134,
          -0.4055796265602112,
          6.976161479949951
        ],
        [
          0.0,
          0.0,
          0.0,
          1.0
        ]
      ],
      "position_idx": 1
    },
    {
      "file_path": "frames/frame_0030.png",
      "depth_path": "frames/depth_0030.png",
      "transform_matrix": [
        [
          0.0,
          -0.8191520571708679,
          -0.5735764503479004,
          6.410030841827393
        ],
        [
          -0.0,
          0.5735764503479004,
          -0.8191520571708679,
          1.3644953966140747
        ],
        [
          1.0,
          0.0,
          0.0,
          6.976161479949951
        ],
        [
          0.0,
          0.0,
          0.0,
          1.0
        ]
      ],
      "position_idx": 1
    },
    {
      "file_path": "frames/frame_0031.png",
      "depth_path": "frames/depth_0031.png",
      "transform_matrix": [
        [
          0.7071067690849304,
          -0.5792280435562134,
          -0.4055796265602112,
          6.410030841827393
        ],
        [
          -0.0,
          0.5735762119293213,
          -0.8191521763801575,
          1.3644953966140747
        ],
        [
          0.7071067690849304,
          0.5792280435562134,
          0.4055796265602112,
          6.976161479949951
        ],
        [
          0.0,
          0.0,
          0.0,
          1.0
        ]
      ],
      "position_idx": 1
    },
    {
      "file_path": "frames/frame_0032.png",
      "depth_path": "frames/depth_0032.png",
      "transform_matrix": [
        [
          1.0,
          0.0,
          0.0,
          6.410030841827393
        ],
        [
          0.0,
          0.9914449453353882,
          -0.13052617013454437,
          1.3644953966140747
        ],
        [
          -0.0,
          0.13052617013454437,
          0.9914449453353882,
          6.976161479949951
        ],
        [
          0.0,
          0.0,
          0.0,
          1.0
        ]
      ],
      "position_idx": 1
    },
    {
      "file_path": "frames/frame_0033.png",
      "depth_path": "frames/depth_0033.png",
      "transform_matrix": [
        [
          0.7071067690849304,
          0.09229595214128494,
          0.7010574340820312,
          6.410030841827393
        ],
        [
          0.0,
          0.9914449453353882,
          -0.13052618503570557,
          1.3644953966140747
        ],
        [
          -0.7071067690849304,
          0.09229595214128494,
          0.7010574340820312,
          6.976161479949951
        ],
        [
          0.0,
          0.0,
          0.0,
          1.0
        ]
      ],
      "position_idx": 1
    },
    {
      "file_path": "frames/frame_0034.png",
      "depth_path": "frames/depth_0034.png",
      "transform_matrix": [
        [
          0.0,
          0.13052617013454437,
          0.9914449453353882,
          6.410030841827393
        ],
        [
          0.0,
          0.9914449453353882,
          -0.13052617013454437,
          1.3644953966140747
        ],
        [
          -1.0,
          0.0,
          0.0,
          6.976161479949951
        ],
        [
          0.0,
          0.0,
          0.0,
          1.0
        ]
      ],
      "position_idx": 1
    },
    {
      "file_path": "frames/frame_0035.png",
      "depth_path": "frames/depth_0035.png",
      "transform_matrix": [
        [
          -0.7071067690849304,
          0.09229595214128494,
          0.7010574340820312,
          6.410030841827393
        ],
        [
          0.0,
          0.9914449453353882,
          -0.13052618503570557,
          1.3644953966140747
        ],
        [
          -0.7071067690849304,
          -0.09229595214128494,
          -0.7010574340820312,
          6.976161479949951
        ],
        [
          0.0,
          0.0,
          0.0,
          1.0
        ]
      ],
      "position_idx": 1
    },
    {
      "file_path": "frames/frame_0036.png",
      "depth_path": "frames/depth_0036.png",
      "transform_matrix": [
        [
          -1.0,
          0.0,
          0.0,
          6.410030841827393
        ],
        [
          0.0,
          0.9914449453353882,
          -0.13052617013454437,
          1.3644953966140747
        ],
        [
          -0.0,
          -0.13052617013454437,
          -0.9914449453353882,
          6.976161479949951
        ],
        [
          0.0,
          0.0,
          0.0,
          1.0
        ]
      ],
      "position_idx": 1
    },
    {
      "file_path": "frames/frame_0037.png",
      "depth_path": "frames/depth_0037.png",
      "transform_matrix": [
        [
          -0.7071067690849304,
          -0.09229595214128494,
          -0.7010574340820312,
          6.410030841827393
        ],
        [
          0.0,
          0.9914449453353882,
          -0.13052618503570557,
          1.3644953966140747
        ],
        [
          0.7071067690849304,
          -0.09229595214128494,
          -0.7010574340820312,
          6.976161479949951
        ],
        [
          0.0,
          0.0,
          0.0,
          1.0
        ]
      ],
      "position_idx": 1
    },
    {
      "file_path": "frames/frame_0038.png",
      "depth_path": "frames/depth_0038.png",
      "transform_matrix": [
        [
          0.0,
          -0.13052617013454437,
          -0.9914449453353882,
          6.410030841827393
        ],
        [
          -0.0,
          0.9914449453353882,
          -0.13052617013454437,
          1.3644953966140747
        ],
        [
          1.0,
          0.0,
          0.0,
          6.976161479949951
        ],
        [
          0.0,
          0.0,
          0.0,
          1.0
        ]
      ],
      "position_idx": 1
    },
    {
      "file_path": "frames/frame_0039.png",
      "depth_path": "frames/depth_0039.png",
      "transform_matrix": [
        [
          0.7071067690849304,
          -0.09229595214128494,
          -0.7010574340820312,
          6.410030841827393
        ],
        [
          -0.0,
          0.9914449453353882,
          -0.13052618503570557,
          1.3644953966140747
        ],
        [
          0.7071067690849304,
          0.09229595214128494,
          0.7010574340820312,
          6.976161479949951
        ],
        [
          0.0,
          0.0,
          0.0,
          1.0
        ]
      ],
      "position_idx": 1
    },
    {
      "file_path": "frames/frame_0040.png",
      "depth_path": "frames/depth_0040.png",
      "transform_matrix": [
        [
          1.0,
          0.0,
          0.0,
          6.410030841827393
        ],
        [
          0.0,
          0.7660444974899292,
          0.642787516117096,
          1.3644953966140747
        ],
        [
          0.0,
          -0.642787516117096,
          0.7660444974899292,
          6.976161479949951
        ],
        [
          0.0,
          0.0,
          0.0,
          1.0
        ]
      ],
      "position_idx": 1
    },
    {
      "file_path": "frames/frame_0041.png",
      "depth_path": "frames/depth_0041.png",
      "transform_matrix": [
        [
          0.7071067690849304,
          -0.4545195400714874,
          0.5416752099990845,
          6.410030841827393
        ],
        [
          0.0,
          0.7660444378852844,
          0.6427876949310303,
          1.3644953966140747
        ],
        [
          -0.7071067690849304,
          -0.4545195400714874,
          0.5416752099990845,
          6.976161479949951
        ],
        [
          0.0,
          0.0,
          0.0,
          1.0
        ]
      ],
      "position_idx": 1
    },
    {
      "file_path": "frames/frame_0042.png",
      "depth_path": "frames/depth_0042.png",
      "transform_matrix": [
        [
          0.0,
          -0.642787516117096,
          0.7660444974899292,
          6.410030841827393
        ],
        [
          0.0,
          0.7660444974899292,
          0.642787516117096,
          1.3644953966140747
        ],
        [
          -1.0,
          0.0,
          0.0,
          6.976161479949951
        ],
        [
          0.0,
          0.0,
          0.0,
          1.0
        ]
      ],
      "position_idx": 1
    },
    {
      "file_path": "frames/frame_0043.png",
      "depth_path": "frames/depth_0043.png",
      "transform_matrix": [
        [
          -0.7071067690849304,
          -0.4545195400714874,
          0.5416752099990845,
          6.410030841827393
        ],
        [
          0.0,
          0.7660444378852844,
          0.6427876949310303,
          1.3644953966140747
        ],
        [
          -0.7071067690849304,
          0.4545195400714874,
          -0.5416752099990845,
          6.976161479949951
        ],
        [
          0.0,
          0.0,
          0.0,
          1.0
        ]
      ],
      "position_idx": 1
    },
    {
      "file_path": "frames/frame_0044.png",
      "depth_path": "frames/depth_0044.png",
      "transform_matrix": [
        [
          -1.0,
          0.0,
          0.0,
          6.410030841827393
        ],
        [
          0.0,
          0.7660444974899292,
          0.642787516117096,
          1.3644953966140747
        ],
        [
          0.0,
          0.642787516117096,
          -0.7660444974899292,
          6.976161479949951
        ],
        [
          0.0,
          0.0,
          0.0,
          1.0
        ]
      ],
      "position_idx": 1
    },
    {
      "file_path": "frames/frame_0045.png",
      "depth_path": "frames/depth_0045.png",
      "transform_matrix": [
        [
          -0.7071067690849304,
          0.4545195400714874,
          -0.5416752099990845,
          6.410030841827393
        ],
        [
          0.0,
          0.7660444378852844,
          0.6427876949310303,
          1.3644953966140747
        ],
        [
          0.7071067690849304,
          0.4545195400714874,
          -0.5416752099990845,
          6.976161479949951
        ],
        [
          0.0,
          0.0,
          0.0,
          1.0
        ]
      ],
      "position_idx": 1
    },
    {
      "file_path": "frames/frame_0046.png",
      "depth_path": "frames/depth_0046.png",
      "transform_matrix": [
        [
          0.0,
          0.642787516117096,
          -0.7660444974899292,
          6.410030841827393
        ],
        [
          -0.0,
          0.7660444974899292,
          0.642787516117096,
          1.3644953966140747
        ],
        [
          1.0,
          0.0,
          0.0,
          6.976161479949951
        ],
        [
          0.0,
          0.0,
          0.0,
          1.0
        ]
      ],
      "position_idx": 1
    },
    {
      "file_path": "frames/frame_0047.png",
      "depth_path": "frames/depth_0047.png",
      "transform_matrix": [
        [
          0.7071067690849304,
          0.4545195400714874,
          -0.5416752099990845,
          6.410030841827393
        ],
        [
          -0.0,
          0.7660444378852844,
          0.6427876949310303,
          1.3644953966140747
        ],
        [
          0.7071067690849304,
          -0.4545195400714874,
          0.5416752099990845,
          6.976161479949951
        ],
        [
          0.0,
          0.0,
          0.0,
          1.0
        ]
      ],
      "position_idx": 1
    },
    {
      "file_path": "frames/frame_0048.png",
      "depth_path": "frames/depth_0048.png",
      "transform_matrix": [
        [
          1.0,
          0.0,
          0.0,
          3.9590888023376465
        ],
        [
          0.0,
          0.5735764503479004,
          -0.8191521167755127,
          1.9934422969818115
        ],
        [
          -0.0,
          0.8191521167755127,
          0.5735764503479004,
          -1.89124596118927
        ],
        [
          0.0,
          0.0,
          0.0,
          1.0
        ]
      ],
      "position_idx": 2
    },
    {
      "file_path": "frames/frame_0049.png",
      "depth_path": "frames/depth_0049.png",
      "transform_matrix": [
        [
          0.7071070075035095,
          0.579227864742279,
          0.4055795967578888,
          3.9590888023376465
        ],
        [
          0.0,
          0.5735763311386108,
          -0.8191521763801575,
          1.9934422969818115
        ],
        [
          -0.7071065902709961,
          0.5792282223701477,
          0.4055798351764679,
          -1.89124596118927
        ],
        [
          0.0,
          0.0,
          0.0,
          1.0
        ]
      ],
      "position_idx": 2
    },
    {
      "file_path": "frames/frame_0050.png",
      "depth_path": "frames/depth_0050.png",
      "transform_matrix": [
        [
          0.0,
          0.8191521167755127,
          0.5735764503479004,
          3.9590888023376465
        ],
        [
          0.0,
          0.5735764503479004,
          -0.8191521167755127,
          1.9934422969818115
        ],
        [
          -1.0,
          0.0,
          0.0,
          -1.89124596118927
        ],
        [
          0.0,
          0.0,
          0.0,
          1.0
        ]
      ],
      "position_idx": 2
    },
    {
      "file_path": "frames/frame_0051.png",
      "depth_path": "frames/depth_0051.png",
      "transform_matrix": [
        [
          -0.70710688829422,
          0.5792279839515686,
          0.4055795967578888,
          3.9590888023376465
        ],
        [
          0.0,
          0.5735762715339661,
          -0.8191521763801575,
          1.9934422969818115
        ],
        [
          -0.7071066498756409,
          -0.5792281627655029,
          -0.40557971596717834,
          -1.89124596118927
        ],
        [
          0.0,
          0.0,
          0.0,
          1.0
        ]
      ],
      "position_idx": 2
    },
    {
      "file_path": "frames/frame_0052.png",
      "depth_path": "frames/depth_0052.png",
      "transform_matrix": [
        [
          -1.0,
          0.0,
          0.0,
          3.9590888023376465
        ],
        [
          0.0,
          0.5735763311386108,
          -0.8191521167755127,
          1.9934422969818115
        ],
        [
          -0.0,
          -0.8191521167755127,
          -0.5735763311386108,
          -1.89124596118927
        ],
        [
          0.0,
          0.0,
          0.0,
          1.0
        ]
      ],
      "position_idx": 2
    },
    {
      "file_path": "frames/frame_0053.png",
      "depth_path": "frames/depth_0053.png",
      "transform_matrix": [
        [
          -0.7071066498756409,
          -0.5792281031608582,
          -0.4055798053741455,
          3.9590888023376465
        ],
        [
          0.0,
          0.5735763907432556,
          -0.8191521167755127,
          1.9934422969818115
        ],
        [
          0.70710688829422,
          -0.5792279243469238,
          -0.40557968616485596,
          -1.89124596118927
        ],
        [
          0.0,
          0.0,
          0.0,
          1.0
        ]
      ],
      "position_idx": 2
    },
    {
      "file_path": "frames/frame_0054.png",
      "depth_path": "frames/depth_0054.png",
      "transform_matrix": [
        [
          0.0,
          -0.8191521167755127,
          -0.5735764503479004,
          3.9590888023376465
        ],
        [
          -0.0,
          0.5735764503479004,
          -0.8191521167755127,
          1.9934422969818115
        ],
        [
          1.0,
          0.0,
          0.0,
          -1.89124596118927
        ],
        [
          0.0,
          0.0,
          0.0,
          1.0
        ]
      ],
      "position_idx": 2
    },
    {
      "file_path": "frames/frame_0055.png",
      "depth_path": "frames/depth_0055.png",
      "transform_matrix": [
        [
          0.7071067690849304,
          -0.5792280435562134,
          -0.4055798053741455,
          3.9590888023376465
        ],
        [
          -0.0,
          0.5735764503479004,
          -0.8191521167755127,
          1.9934422969818115
        ],
        [
          0.7071067690849304,
          0.5792280435562134,
          0.4055798053741455,
          -1.89124596118927
        ],
        [
          0.0,
          0.0,
          0.0,
          1.0
        ]
      ],
      "position_idx": 2
    },
    {
      "file_path": "frames/frame_0056.png",
      "depth_path": "frames/depth_0056.png",
      "transform_matrix": [
        [
          1.0,
          0.0,
          0.0,
          3.9590888023376465
        ],
        [
          0.0,
          0.9914448857307434,
          -0.13052618503570557,
          1.9934422969818115
        ],
        [
          -0.0,
          0.13052618503570557,
          0.9914448857307434,
          -1.89124596118927
        ],
        [
          0.0,
          0.0,
          0.0,
          1.0
        ]
      ],
      "position_idx": 2
    },
    {
      "file_path": "frames/frame_0057.png",
      "depth_path": "frames/depth_0057.png",
      "transform_matrix": [
        [
          0.7071067094802856,
          0.09229596704244614,
          0.701057493686676,
          3.9590888023376465
        ],
        [
          0.0,
          0.9914449453353882,
          -0.13052619993686676,
          1.9934422969818115
        ],
        [
          -0.7071068286895752,
          0.09229595214128494,
          0.7010573744773865,
          -1.89124596118927
        ],
        [
          0.0,
          0.0,
          0.0,
          1.0
        ]
      ],
      "position_idx": 2
    },
    {
      "file_path": "frames/frame_0058.png",
      "depth_path": "frames/depth_0058.png",
      "transform_matrix": [
        [
          0.0,
          0.13052617013454437,
          0.9914449453353882,
          3.9590888023376465
        ],
        [
          0.0,
          0.9914449453353882,
          -0.13052617013454437,
          1.9934422969818115
        ],
        [
          -1.0,
          0.0,
          0.0,
          -1.89124596118927
        ],
        [
          0.0,
          0.0,
          0.0,
          1.0
        ]
      ],
      "position_idx": 2
    },
    {
      "file_path": "frames/frame_0059.png",
      "depth_path": "frames/depth_0059.png",
      "transform_matrix": [
        [
          -0.7071067094802856,
          0.09229596704244614,
          0.701057493686676,
          3.9590888023376465
        ],
        [
          0.0,
          0.9914449453353882,
          -0.13052619993686676,
          1.9934422969818115
        ],
        [
          -0.7071068286895752,
          -0.09229595214128494,
          -0.7010573744773865,
          -1.89124596118927
        ],
        [
          0.0,
          0.0,
          0.0,
          1.0
        ]
      ],
      "position_idx": 2
    },
    {
      "file_path": "frames/frame_0060.png",
      "depth_path": "frames/depth_0060.png",
      "transform_matrix": [
        [
          -1.0,
          0.0,
          0.0,
          3.9590888023376465
        ],
        [
          0.0,
          0.9914449453353882,
          -0.13052618503570557,
          1.9934422969818115
        ],
        [
          -0.0,
          -0.13052618503570557,
          -0.9914449453353882,
          -1.89124596118927
        ],
        [
          0.0,
          0.0,
          0.0,
          1.0
        ]
      ],
      "position_idx": 2
    },
    {
      "file_path": "frames/frame_0061.png",
      "depth_path": "frames/depth_0061.png",
      "transform_matrix": [
        [
          -0.7071067094802856,
          -0.09229596704244614,
          -0.701057493686676,
          3.9590888023376465
        ],
        [
          0.0,
          0.9914449453353882,
          -0.13052619993686676,
          1.9934422969818115
        ],
        [
          0.7071068286895752,
          -0.09229595214128494,
          -0.7010573744773865,
